24/08/17
XAccel			YAccel				ZAccel			XGyro			YGyro			ZGyro
 [0,0] --> [26327,26357]	[0,0] --> [-9945,-9957]	[0,0] --> [5675,5659]	[0,0] --> [566,567]	[0,0] --> [-46,-47]	[0,0] --> [-340,-340]
.... [-1000,0] --> [16614,26351]	[0,1000] --> [-9957,-1341]	[0,1000] --> [5653,14024]	[-1000,0] --> [-3419,560]	[0,1000] --> [-48,3940]	[0,1000] --> [-341,3646]
.... [-2000,0] --> [6873,26346]	[0,2000] --> [-9947,7279]	[0,2000] --> [5670,22389]	[-1000,0] --> [-3418,559]	[0,1000] --> [-35,3944]	[0,1000] --> [-329,3646]
.... [-3000,0] --> [-2867,26338]	[0,2000] --> [-9935,7280]	[0,2000] --> [5682,22393]	[-1000,0] --> [-3419,560]	[0,1000] --> [-35,3943]	[0,1000] --> [-328,3649]

closing in:
..	XAccel			YAccel				ZAccel			XGyro			YGyro			ZGyro
 [-3000,-1500] --> [-2867,11741]	[1000,2000] --> [-1322,7280]	[1000,2000] --> [14043,22393]	[-500,0] --> [-1427,560]	[0,500] --> [-35,1958]	[0,500] --> [-328,1664]
.. [-3000,-2250] --> [-2867,4428]	[1000,1500] --> [-1322,2976]	[1000,1500] --> [14043,18216]	[-250,0] --> [-434,560]	[0,250] --> [-35,955]	[0,250] --> [-328,662]
.. [-3000,-2625] --> [-2867,759]	[1000,1250] --> [-1322,828]	[1250,1500] --> [16131,18216]	[-250,-125] --> [-434,66]	[0,125] --> [-35,453]	[0,125] --> [-328,160]
.. [-2812,-2625] --> [-1057,759]	[1125,1250] --> [-258,828]	[1250,1375] --> [16131,17163]	[-187,-125] --> [-178,66]	[0,62] --> [-35,200]	[62,125] --> [-92,160]
.. [-2718,-2625] --> [-145,759]	[1125,1187] --> [-258,272]	[1250,1312] --> [16131,16645]	[-156,-125] --> [-55,66]	[0,31] --> [-35,76]	[62,93] --> [-92,30]
..	XAccel			YAccel				ZAccel			XGyro			YGyro			ZGyro
 [-2718,-2671] --> [-145,303]	[1125,1156] --> [-258,14]	[1281,1312] --> [16378,16645]	[-156,-140] --> [-55,8]	[0,15] --> [-35,11]	[77,93] --> [-32,30]
.. [-2718,-2694] --> [-145,91]	[1140,1156] --> [-122,14]	[1281,1296] --> [16378,16514]	[-148,-140] --> [-24,8]	[7,15] --> [-20,11]	[85,93] --> [0,30]
.. [-2706,-2694] --> [-25,91]	[1148,1156] --> [-53,14]	[1281,1288] --> [16378,16448]	[-144,-140] --> [-7,8]	[11,15] --> [-4,11]	[85,89] --> [0,15]
.. [-2706,-2700] --> [-25,32]	[1152,1156] --> [-21,14]	[1281,1284] --> [16378,16411]	[-142,-140] --> [0,8]	[11,13] --> [-4,3]	[85,87] --> [0,7]
.. [-2703,-2700] --> [-8,32]	[1154,1156] --> [-1,14]	[1281,1282] --> [16378,16396]	[-142,-141] --> [0,4]	[12,13] --> [0,3]	[85,86] --> [0,3]
averaging 10000 readings each time
....................	XAccel			YAccel				ZAccel			XGyro			YGyro			ZGyro
 [-2703,-2701] --> [-8,12]	[1155,1156] --> [-1,14]	[1281,1282] --> [16378,16396]	[-142,-141] --> [0,4]	[12,13] --> [0,3]	[85,86] --> [0,3]
.................... [-2703,-2702] --> [-8,12]	[1155,1156] --> [-1,14]	[1281,1282] --> [16381,16396]	[-142,-141] --> [0,4]	[12,13] --> [-1,3]	[85,86] --> [0,3]
.................... [-2703,-2702] --> [-7,12]	[1155,1156] --> [-1,14]	[1281,1282] --> [16382,16396]	[-142,-142] --> [0,1]	[12,13] --> [-2,3]	[85,86] --> [0,3]
-------------- done --------------